RANKS: 551 a1
RANKS: 735 a107
RANKS: 740 a171
RANKS: 741 a399
Signature
|A| = 884
|B| = 740
Max Pref Size of A = 740
1 6
2 10
3 4
4 10
5 5
6 5
7 9
8 4
9 5
10 4
11 7
12 7
13 3
14 5
15 5
16 5
17 6
18 9
19 4
20 4
21 9
22 7
23 2
24 7
25 5
26 3
27 8
28 5
29 5
30 6
31 9
32 2
33 4
34 6
35 7
36 1
37 4
38 6
39 4
40 4
41 4
42 4
43 9
44 3
45 5
46 2
47 6
48 7
49 5
50 4
51 5
52 5
53 1
54 5
55 5
56 4
57 2
58 3
59 2
60 3
61 6
62 2
63 5
64 5
65 6
66 0
67 4
68 7
69 4
70 2
71 1
72 2
73 6
74 9
75 6
76 3
77 5
78 10
79 2
80 2
81 3
82 4
83 6
84 2
85 1
86 3
87 1
88 2
89 4
90 2
91 2
92 2
93 1
94 5
95 3
96 5
97 2
98 3
99 5
100 5
101 6
102 0
103 6
104 5
105 2
106 1
107 7
108 2
109 1
110 2
111 2
112 1
113 4
114 2
115 1
116 3
117 6
118 0
119 4
120 2
121 3
122 0
123 0
124 5
125 1
126 1
127 3
128 0
129 5
130 3
131 2
132 2
133 1
134 1
135 0
136 2
137 2
138 1
139 3
140 3
141 1
142 2
143 0
144 2
145 2
146 0
147 4
148 3
149 0
150 0
151 1
152 3
153 2
154 2
155 3
156 1
157 1
158 1
159 2
160 2
161 0
162 1
163 2
164 1
165 1
166 2
167 4
168 0
169 0
170 2
171 0
172 0
173 2
174 0
175 1
176 1
177 0
178 2
179 0
180 2
181 1
182 0
183 1
184 1
185 1
186 0
187 0
188 2
189 1
190 2
191 1
192 1
193 2
194 0
195 2
196 2
197 1
198 1
199 2
200 0
201 2
202 1
203 0
204 2
205 1
206 0
207 1
208 1
209 1
210 2
211 1
212 0
213 1
214 0
215 2
216 0
217 1
218 0
219 2
220 0
221 0
222 0
223 1
224 1
225 0
226 1
227 3
228 0
229 1
230 0
231 2
232 0
233 1
234 1
235 1
236 2
237 1
238 0
239 0
240 0
241 2
242 1
243 1
244 0
245 0
246 1
247 0
248 0
249 2
250 0
251 2
252 1
253 1
254 0
255 0
256 1
257 0
258 1
259 2
260 0
261 0
262 0
263 1
264 0
265 1
266 1
267 1
268 1
269 2
270 0
271 0
272 1
273 2
274 0
275 1
276 1
277 0
278 1
279 0
280 1
281 1
282 0
283 0
284 0
285 2
286 1
287 1
288 0
289 1
290 0
291 1
292 0
293 0
294 0
295 0
296 2
297 0
298 1
299 0
300 0
301 2
302 0
303 0
304 3
305 0
306 0
307 0
308 1
309 0
310 0
311 1
312 0
313 0
314 0
315 2
316 0
317 0
318 1
319 1
320 0
321 0
322 0
323 0
324 0
325 1
326 0
327 0
328 0
329 0
330 0
331 0
332 1
333 0
334 0
335 0
336 1
337 0
338 0
339 0
340 1
341 1
342 0
343 0
344 1
345 0
346 0
347 0
348 0
349 0
350 1
351 1
352 0
353 0
354 0
355 0
356 0
357 2
358 0
359 0
360 0
361 0
362 0
363 0
364 0
365 0
366 0
367 1
368 0
369 0
370 0
371 0
372 0
373 0
374 1
375 0
376 0
377 0
378 0
379 0
380 0
381 0
382 0
383 0
384 0
385 0
386 0
387 2
388 0
389 0
390 0
391 0
392 0
393 0
394 0
395 0
396 0
397 0
398 1
399 0
400 0
401 1
402 0
403 0
404 0
405 0
406 0
407 0
408 0
409 0
410 0
411 0
412 0
413 0
414 0
415 0
416 1
417 1
418 1
419 0
420 0
421 1
422 0
423 1
424 0
425 0
426 0
427 2
428 1
429 0
430 0
431 0
432 0
433 0
434 0
435 0
436 0
437 0
438 0
439 1
440 0
441 0
442 1
443 0
444 0
445 0
446 0
447 0
448 0
449 0
450 0
451 0
452 0
453 0
454 0
455 1
456 0
457 0
458 0
459 0
460 0
461 0
462 0
463 0
464 1
465 0
466 0
467 0
468 0
469 0
470 0
471 0
472 0
473 0
474 0
475 0
476 0
477 0
478 0
479 0
480 0
481 0
482 0
483 0
484 0
485 0
486 1
487 0
488 0
489 0
490 0
491 0
492 0
493 0
494 0
495 0
496 0
497 0
498 0
499 0
500 0
501 0
502 0
503 1
504 0
505 0
506 0
507 0
508 0
509 0
510 0
511 0
512 0
513 0
514 0
515 0
516 0
517 0
518 0
519 0
520 0
521 0
522 0
523 1
524 0
525 0
526 0
527 0
528 0
529 0
530 1
531 0
532 0
533 0
534 0
535 0
536 0
537 0
538 0
539 1
540 0
541 0
542 0
543 0
544 0
545 0
546 0
547 0
548 0
549 0
550 0
551 0
552 0
553 0
554 0
555 1
556 0
557 0
558 0
559 0
560 0
561 0
562 0
563 0
564 0
565 0
566 0
567 0
568 0
569 0
570 0
571 0
572 0
573 0
574 0
575 0
576 0
577 0
578 0
579 0
580 0
581 0
582 0
583 0
584 0
585 0
586 0
587 0
588 1
589 0
590 0
591 0
592 0
593 0
594 0
595 0
596 0
597 0
598 0
599 0
600 0
601 0
602 0
603 0
604 0
605 0
606 0
607 0
608 0
609 0
610 0
611 0
612 0
613 0
614 0
615 0
616 0
617 0
618 0
619 0
620 0
621 0
622 0
623 0
624 0
625 0
626 0
627 0
628 0
629 0
630 0
631 0
632 0
633 0
634 0
635 0
636 0
637 0
638 0
639 0
640 0
641 0
642 0
643 0
644 0
645 0
646 0
647 0
648 0
649 0
650 0
651 0
652 0
653 0
654 0
655 0
656 0
657 0
658 0
659 0
660 0
661 0
662 0
663 0
664 0
665 0
666 0
667 0
668 0
669 0
670 0
671 0
672 0
673 0
674 0
675 0
676 0
677 0
678 0
679 0
680 0
681 0
682 0
683 0
684 0
685 0
686 0
687 0
688 0
689 0
690 0
691 0
692 0
693 0
694 0
695 0
696 0
697 0
698 0
699 0
700 0
701 0
702 0
703 0
704 0
705 0
706 0
707 0
708 0
709 0
710 0
711 0
712 0
713 0
714 0
715 0
716 0
717 0
718 0
719 0
720 0
721 0
722 0
723 0
724 0
725 0
726 0
727 0
728 0
729 0
730 0
731 0
732 0
733 0
734 0
735 0
736 0
737 0
738 0
739 0
740 0
Unassigned 144
